# Created by Octave 4.0.0, Tue Jul 13 13:52:57 2021 CST <xh@xh-VirtualBox>
# name: d
# type: scalar struct
# ndims: 2
 1 1
# length: 2
# name: A
# type: sparse matrix
# nnz: 50537
# rows: 7585
# columns: 7585
1 1 3.69654
2 1 -0.533072
3 1 -0.918843
16 1 -0.929189
26 1 -0.665644
44 1 -0.649792
1 2 -0.533072
2 2 3.67532
3 2 -0.306664
4 2 -0.533072
5 2 -0.9940020000000001
16 2 -0.30248
18 2 -1.00603
1 3 -0.918843
2 3 -0.306664
3 3 3.62932
5 3 -0.534477
6 3 -0.918843
26 3 -0.308577
27 3 -0.641918
2 4 -0.533072
4 4 3.67532
5 4 -0.306664
9 4 -0.533072
11 4 -0.9940020000000001
18 4 -0.30248
25 4 -1.00603
2 5 -0.9940020000000001
3 5 -0.534477
4 5 -0.306664
5 5 3.67028
6 5 -0.306664
11 5 -0.534477
15 5 -0.9940020000000001
3 6 -0.918843
5 6 -0.306664
6 6 3.62932
13 6 -0.918843
15 6 -0.534477
27 6 -0.308577
31 6 -0.641918
7 7 0.8376440000000001
8 8 1.83514
4 9 -0.533072
9 9 3.67532
11 9 -0.306664
25 9 -0.30248
10 10 1.83514
4 11 -0.9940020000000001
5 11 -0.534477
9 11 -0.306664
11 11 3.67028
15 11 -0.306664
12 12 1.81665
6 13 -0.918843
13 13 3.62932
15 13 -0.306664
29 13 -0.641918
31 13 -0.308577
14 14 1.83514
5 15 -0.9940020000000001
6 15 -0.534477
11 15 -0.306664
13 15 -0.306664
15 15 3.67028
1 16 -0.929189
2 16 -0.30248
16 16 3.63334
17 16 -0.929189
18 16 -0.531667
44 16 -0.318164
45 16 -0.622649
16 17 -0.929189
17 17 3.63334
18 17 -0.30248
21 17 -0.929189
23 17 -0.531667
43 17 -0.622649
45 17 -0.318164
2 18 -1.00603
4 18 -0.30248
16 18 -0.531667
17 18 -0.30248
18 18 3.68036
23 18 -1.00603
25 18 -0.531667
19 19 1.81957
20 20 1.84018
17 21 -0.929189
21 21 3.63334
23 21 -0.30248
42 21 -0.622649
43 21 -0.318164
22 22 1.84018
17 23 -0.531667
18 23 -1.00603
21 23 -0.30248
23 23 3.68036
25 23 -0.30248
24 24 1.84018
4 25 -1.00603
9 25 -0.30248
18 25 -0.531667
23 25 -0.30248
25 25 3.68036
1 26 -0.665644
3 26 -0.308577
26 26 3.55084
27 26 -0.843685
28 26 -0.665644
44 26 -0.390353
49 26 -0.676935
3 27 -0.641918
6 27 -0.308577
26 27 -0.843685
27 27 3.58836
28 27 -0.308577
31 27 -0.843685
35 27 -0.641918
26 28 -0.665644
27 28 -0.308577
28 28 3.55084
33 28 -0.665644
35 28 -0.843685
49 28 -0.390353
51 28 -0.676935
13 29 -0.641918
29 29 3.53297
30 29 -0.492569
31 29 -0.843685
54 29 -0.50382
29 30 -0.492569
30 30 3.53297
31 30 -0.641918
34 30 -0.492569
35 30 -0.843685
54 30 -0.558409
61 30 -0.50382
6 31 -0.641918
13 31 -0.308577
27 31 -0.843685
29 31 -0.843685
30 31 -0.641918
31 31 3.58836
35 31 -0.308577
32 32 3.51926
33 32 -0.665644
34 32 -0.492569
50 32 -0.616996
60 32 -0.5830070000000001
72 32 -0.496191
82 32 -0.6648539999999999
28 33 -0.665644
32 33 -0.665644
33 33 3.55084
34 33 -0.843685
35 33 -0.308577
50 33 -0.676935
51 33 -0.390353
30 34 -0.492569
32 34 -0.492569
33 34 -0.843685
34 34 3.53297
35 34 -0.641918
60 34 -0.50382
61 34 -0.558409
27 35 -0.641918
28 35 -0.843685
30 35 -0.843685
31 35 -0.308577
33 35 -0.308577
34 35 -0.641918
35 35 3.58836
36 36 3.51381
37 36 -0.495962
38 36 -0.649792
46 36 -0.616996
70 36 -0.601061
80 36 -0.515323
101 36 -0.634678
36 37 -0.495962
37 37 3.53279
38 37 -0.852343
39 37 -0.495962
40 37 -0.622649
70 37 -0.486351
71 37 -0.579527
36 38 -0.649792
37 38 -0.852343
38 38 3.54981
40 38 -0.318164
41 38 -0.649792
46 38 -0.68937
47 38 -0.390353
37 39 -0.495962
39 39 3.53279
40 39 -0.852343
42 39 -0.495962
43 39 -0.622649
69 39 -0.579527
71 39 -0.486351
37 40 -0.622649
38 40 -0.318164
39 40 -0.852343
40 40 3.58631
41 40 -0.852343
43 40 -0.318164
45 40 -0.622649
38 41 -0.649792
40 41 -0.852343
41 41 3.54981
44 41 -0.649792
45 41 -0.318164
47 41 -0.68937
49 41 -0.390353
21 42 -0.622649
39 42 -0.495962
42 42 3.53279
43 42 -0.852343
69 42 -0.486351
17 43 -0.622649
21 43 -0.318164
39 43 -0.622649
40 43 -0.318164
42 43 -0.852343
43 43 3.58631
45 43 -0.852343
1 44 -0.649792
16 44 -0.318164
26 44 -0.390353
41 44 -0.649792
44 44 3.54981
45 44 -0.852343
49 44 -0.68937
16 45 -0.622649
17 45 -0.318164
40 45 -0.622649
41 45 -0.318164
43 45 -0.852343
44 45 -0.852343
45 45 3.58631
36 46 -0.616996
38 46 -0.68937
46 46 3.52989
47 46 -0.676935
48 46 -0.616996
80 46 -0.44825
81 46 -0.48134
38 47 -0.390353
41 47 -0.68937
46 47 -0.676935
47 47 3.51332
48 47 -0.68937
49 47 -0.676935
51 47 -0.390353
46 48 -0.616996
47 48 -0.68937
48 48 3.52989
50 48 -0.616996
51 48 -0.676935
74 48 -0.48134
81 48 -0.44825
26 49 -0.676935
28 49 -0.390353
41 49 -0.390353
44 49 -0.68937
47 49 -0.676935
49 49 3.51332
51 49 -0.68937
32 50 -0.616996
33 50 -0.676935
48 50 -0.616996
50 50 3.52989
51 50 -0.68937
72 50 -0.48134
74 50 -0.44825
28 51 -0.676935
33 51 -0.390353
47 51 -0.390353
48 51 -0.676935
49 51 -0.68937
50 51 -0.68937
51 51 3.51332
52 52 1.73879
53 53 1.73879
29 54 -0.50382
30 54 -0.558409
54 54 3.47758
59 54 -0.50382
61 54 -0.6765600000000001
55 55 1.73428
56 56 3.47143
58 56 -0.5830070000000001
59 56 -0.50382
85 56 -0.563043
87 56 -0.56199
57 57 1.73879
56 58 -0.5830070000000001
58 58 3.47143
59 58 -0.6765600000000001
60 58 -0.5830070000000001
61 58 -0.50382
83 58 -0.56199
87 58 -0.563043
54 59 -0.50382
56 59 -0.50382
58 59 -0.6765600000000001
59 59 3.47758
61 59 -0.558409
32 60 -0.5830070000000001
34 60 -0.50382
58 60 -0.5830070000000001
60 60 3.47143
61 60 -0.6765600000000001
82 60 -0.56199
83 60 -0.563043
30 61 -0.50382
34 61 -0.558409
54 61 -0.6765600000000001
58 61 -0.50382
59 61 -0.558409
60 61 -0.6765600000000001
61 61 3.47758
62 62 1.73473
63 63 1.73964
64 64 3.47346
66 64 -0.486351
67 64 -0.601061
98 64 -0.532145
99 64 -0.579083
65 65 1.73964
64 66 -0.486351
66 66 3.47928
67 66 -0.67376
69 66 -0.486351
71 66 -0.579527
64 67 -0.601061
66 67 -0.67376
67 67 3.47346
70 67 -0.601061
71 67 -0.486351
99 67 -0.532145
103 67 -0.579083
68 68 1.73964
39 69 -0.579527
42 69 -0.486351
66 69 -0.486351
69 69 3.47928
71 69 -0.67376
36 70 -0.601061
37 70 -0.486351
67 70 -0.601061
70 70 3.47346
71 70 -0.67376
101 70 -0.579083
103 70 -0.532145
37 71 -0.579527
39 71 -0.486351
66 71 -0.579527
67 71 -0.486351
69 71 -0.67376
70 71 -0.67376
71 71 3.47928
32 72 -0.496191
50 72 -0.48134
72 72 3.52867
73 72 -0.496191
74 72 -0.843639
82 72 -0.444641
92 72 -0.766666
72 73 -0.496191
73 73 3.52867
74 73 -0.48134
77 73 -0.496191
79 73 -0.843639
92 73 -0.444641
97 73 -0.766666
48 74 -0.48134
50 74 -0.44825
72 74 -0.843639
73 74 -0.48134
74 74 3.54646
79 74 -0.44825
81 74 -0.843639
75 75 3.3958
76 75 -0.515323
77 75 -0.496191
96 75 -0.461151
108 75 -0.471947
142 75 -0.425366
152 75 -0.393496
164 75 -0.632331
75 76 -0.515323
76 76 3.52227
77 76 -0.843639
78 76 -0.515323
79 76 -0.44825
108 76 -0.7372109999999999
110 76 -0.462524
73 77 -0.496191
75 77 -0.496191
76 77 -0.843639
77 77 3.52867
79 77 -0.48134
96 77 -0.766666
97 77 -0.444641
76 78 -0.515323
78 78 3.52227
79 78 -0.843639
80 78 -0.515323
81 78 -0.44825
110 78 -0.7372109999999999
113 78 -0.462524
73 79 -0.843639
74 79 -0.44825
76 79 -0.44825
77 79 -0.48134
78 79 -0.843639
79 79 3.54646
81 79 -0.48134
36 80 -0.515323
46 80 -0.44825
78 80 -0.515323
80 80 3.52227
81 80 -0.843639
101 80 -0.462524
113 80 -0.7372109999999999
46 81 -0.48134
48 81 -0.44825
74 81 -0.843639
78 81 -0.44825
79 81 -0.48134
80 81 -0.843639
81 81 3.54646
32 82 -0.6648539999999999
60 82 -0.56199
72 82 -0.444641
82 82 3.48808
83 82 -0.607605
84 82 -0.6648539999999999
92 82 -0.544131
58 83 -0.56199
60 83 -0.563043
82 83 -0.607605
83 83 3.46528
84 83 -0.56199
87 83 -0.607605
91 83 -0.563043
82 84 -0.6648539999999999
83 84 -0.56199
84 84 3.48808
89 84 -0.6648539999999999
91 84 -0.607605
92 84 -0.444641
95 84 -0.544131
56 85 -0.563043
85 85 3.46878
86 85 -0.591705
87 85 -0.607605
116 85 -0.6153110000000001
85 86 -0.591705
86 86 3.46878
87 86 -0.563043
90 86 -0.591705
91 86 -0.607605
116 86 -0.499408
123 86 -0.6153110000000001
56 87 -0.56199
58 87 -0.563043
83 87 -0.607605
85 87 -0.607605
86 87 -0.563043
87 87 3.46528
91 87 -0.56199
88 88 3.48503
89 88 -0.6648539999999999
90 88 -0.591705
93 88 -0.461151
122 88 -0.513135
134 88 -0.657547
162 88 -0.596635
84 89 -0.6648539999999999
88 89 -0.6648539999999999
89 89 3.48808
90 89 -0.607605
91 89 -0.56199
93 89 -0.544131
95 89 -0.444641
86 90 -0.591705
88 90 -0.591705
89 90 -0.607605
90 90 3.46878
91 90 -0.563043
122 90 -0.6153110000000001
123 90 -0.499408
83 91 -0.563043
84 91 -0.607605
86 91 -0.607605
87 91 -0.56199
89 91 -0.56199
90 91 -0.563043
91 91 3.46528
72 92 -0.766666
73 92 -0.444641
82 92 -0.544131
84 92 -0.444641
92 92 3.51087
95 92 -0.766666
97 92 -0.544131
88 93 -0.461151
89 93 -0.544131
93 93 3.50176
94 93 -0.461151
95 93 -0.766666
134 93 -0.5428809999999999
136 93 -0.725779
93 94 -0.461151
94 94 3.50176
95 94 -0.544131
96 94 -0.461151
97 94 -0.766666
136 94 -0.5428809999999999
143 94 -0.725779
84 95 -0.544131
89 95 -0.444641
92 95 -0.766666
93 95 -0.766666
94 95 -0.544131
95 95 3.51087
97 95 -0.444641
75 96 -0.461151
77 96 -0.766666
94 96 -0.461151
96 96 3.50176
97 96 -0.544131
142 96 -0.725779
143 96 -0.5428809999999999
73 97 -0.766666
77 97 -0.444641
92 97 -0.544131
94 97 -0.766666
95 97 -0.444641
96 97 -0.544131
97 97 3.51087
64 98 -0.532145
98 98 3.46767
99 98 -0.622594
100 98 -0.60102
125 98 -0.578954
64 99 -0.579083
67 99 -0.532145
98 99 -0.622594
99 99 3.46764
100 99 -0.532145
103 99 -0.622594
107 99 -0.579083
98 100 -0.60102
99 100 -0.532145
100 100 3.46767
105 100 -0.60102
107 100 -0.622594
125 100 -0.531934
129 100 -0.578954
36 101 -0.634678
70 101 -0.579083
80 101 -0.462524
101 101 3.48286
102 101 -0.634678
103 101 -0.622594
113 101 -0.549307
101 102 -0.634678
102 102 3.48286
103 102 -0.579083
106 102 -0.634678
107 102 -0.622594
112 102 -0.549307
113 102 -0.462524
67 103 -0.579083
70 103 -0.532145
99 103 -0.622594
101 103 -0.622594
102 103 -0.579083
103 103 3.46764
107 103 -0.532145
104 104 3.48478
105 104 -0.60102
106 104 -0.634678
111 104 -0.471947
127 104 -0.543374
150 104 -0.691576
194 104 -0.542187
100 105 -0.60102
104 105 -0.60102
105 105 3.46767
106 105 -0.622594
107 105 -0.532145
127 105 -0.578954
129 105 -0.531934
102 106 -0.634678
104 106 -0.634678
105 106 -0.622594
106 106 3.48286
107 106 -0.579083
111 106 -0.549307
112 106 -0.462524
99 107 -0.579083
100 107 -0.622594
102 107 -0.622594
103 107 -0.532145
105 107 -0.532145
106 107 -0.579083
107 107 3.46764
75 108 -0.471947
76 108 -0.7372109999999999
108 108 3.50383
109 108 -0.471947
110 108 -0.549307
152 108 -0.772295
153 108 -0.501124
108 109 -0.471947
109 109 3.50383
110 109 -0.7372109999999999
111 109 -0.471947
112 109 -0.549307
151 109 -0.501124
153 109 -0.772295
76 110 -0.462524
78 110 -0.7372109999999999
108 110 -0.549307
109 110 -0.7372109999999999
110 110 3.49808
112 110 -0.462524
113 110 -0.549307
104 111 -0.471947
106 111 -0.549307
109 111 -0.471947
111 111 3.50383
112 111 -0.7372109999999999
150 111 -0.501124
151 111 -0.772295
102 112 -0.549307
106 112 -0.462524
109 112 -0.549307
110 112 -0.462524
111 112 -0.7372109999999999
112 112 3.49808
113 112 -0.7372109999999999
78 113 -0.462524
80 113 -0.7372109999999999
101 113 -0.549307
102 113 -0.462524
110 113 -0.549307
112 113 -0.7372109999999999
113 113 3.49808
114 114 1.73614
115 115 1.73614
85 116 -0.6153110000000001
86 116 -0.499408
116 116 3.47228
121 116 -0.6153110000000001
123 116 -0.62142
117 117 1.73497
118 118 3.47006
120 118 -0.513135
121 118 -0.6153110000000001
154 118 -0.5894430000000001
156 118 -0.617613
119 119 1.73614
118 120 -0.513135
120 120 3.47006
121 120 -0.62142
122 120 -0.513135
123 120 -0.6153110000000001
156 120 -0.5894430000000001
163 120 -0.617613
116 121 -0.6153110000000001
118 121 -0.6153110000000001
120 121 -0.62142
121 121 3.47228
123 121 -0.499408
88 122 -0.513135
90 122 -0.6153110000000001
120 122 -0.513135
122 122 3.47006
123 122 -0.62142
162 122 -0.617613
163 122 -0.5894430000000001
86 123 -0.6153110000000001
90 123 -0.499408
116 123 -0.62142
120 123 -0.6153110000000001
121 123 -0.499408
122 123 -0.62142
123 123 3.47228
124 124 1.73384
98 125 -0.578954
100 125 -0.531934
125 125 3.46769
129 125 -0.622957
133 125 -0.578954
126 126 1.73384
104 127 -0.543374
105 127 -0.578954
127 127 3.46775
128 127 -0.543374
129 127 -0.622957
194 127 -0.631328
195 127 -0.547768
127 128 -0.543374
128 128 3.46775
129 128 -0.578954
132 128 -0.543374
133 128 -0.622957
193 128 -0.547768
195 128 -0.631328
100 129 -0.578954
105 129 -0.531934
125 129 -0.622957
127 129 -0.622957
128 129 -0.578954
129 129 3.46769
133 129 -0.531934
130 130 1.73337
131 131 1.73384
128 132 -0.543374
132 132 3.46775
133 132 -0.578954
192 132 -0.547768
193 132 -0.631328
125 133 -0.578954
128 133 -0.622957
129 133 -0.531934
132 133 -0.578954
133 133 3.46769
88 134 -0.657547
93 134 -0.5428809999999999
134 134 3.47934
135 134 -0.657547
136 134 -0.47766
162 134 -0.539882
174 134 -0.603827
134 135 -0.657547
135 135 3.47934
136 135 -0.5428809999999999
139 135 -0.657547
141 135 -0.47766
174 135 -0.539882
179 135 -0.603827
93 136 -0.725779
94 136 -0.5428809999999999
134 136 -0.47766
135 136 -0.5428809999999999
136 136 3.49264
141 136 -0.725779
143 136 -0.47766
137 137 3.53494
138 137 -0.425366
139 137 -0.657547
167 137 -0.8347869999999999
178 137 -0.535037
218 137 -0.663104
235 137 -0.4191
137 138 -0.425366
138 138 3.54189
139 138 -0.47766
140 138 -0.425366
141 138 -0.725779
167 138 -0.637444
169 138 -0.850275
135 139 -0.657547
137 139 -0.657547
138 139 -0.47766
139 139 3.47934
141 139 -0.5428809999999999
178 139 -0.603827
179 139 -0.539882
138 140 -0.425366
140 140 3.54189
141 140 -0.47766
142 140 -0.425367
143 140 -0.725779
165 140 -0.850275
169 140 -0.637444
135 141 -0.47766
136 141 -0.725779
138 141 -0.725779
139 141 -0.5428809999999999
140 141 -0.47766
141 141 3.49264
143 141 -0.5428809999999999
75 142 -0.425366
96 142 -0.725779
140 142 -0.425367
142 142 3.54189
143 142 -0.47766
164 142 -0.850275
165 142 -0.637444
94 143 -0.725779
96 143 -0.5428809999999999
136 143 -0.47766
140 143 -0.725779
141 143 -0.5428809999999999
142 143 -0.47766
143 143 3.49264
144 144 3.52244
145 144 -0.691576
146 144 -0.393496
184 144 -0.791694
200 144 -0.58091
250 144 -0.525589
261 144 -0.539173
144 145 -0.691576
145 145 3.48807
146 145 -0.481369
147 145 -0.691576
148 145 -0.501124
200 145 -0.536605
201 145 -0.585824
144 146 -0.393496
145 146 -0.481369
146 146 3.56669
148 146 -0.772295
149 146 -0.393496
184 146 -0.6272180000000001
185 146 -0.898817
145 147 -0.691576
147 147 3.48807
148 147 -0.481369
150 147 -0.691576
151 147 -0.501124
199 147 -0.585824
201 147 -0.536605
145 148 -0.501124
146 148 -0.772295
147 148 -0.481369
148 148 3.50958
149 148 -0.481369
151 148 -0.772295
153 148 -0.501124
146 149 -0.393496
148 149 -0.481369
149 149 3.56669
152 149 -0.393496
153 149 -0.772295
180 149 -0.898817
185 149 -0.6272180000000001
104 150 -0.691576
111 150 -0.501124
147 150 -0.691576
150 150 3.48807
151 150 -0.481369
194 150 -0.585824
199 150 -0.536605
109 151 -0.501124
111 151 -0.772295
147 151 -0.501124
148 151 -0.772295
150 151 -0.481369
151 151 3.50958
153 151 -0.481369
75 152 -0.393496
108 152 -0.772295
149 152 -0.393496
152 152 3.56669
153 152 -0.481369
164 152 -0.898817
180 152 -0.6272180000000001
108 153 -0.501124
109 153 -0.772295
148 153 -0.501124
149 153 -0.772295
151 153 -0.481369
152 153 -0.481369
153 153 3.50958
118 154 -0.5894430000000001
154 154 3.46802
155 154 -0.605783
156 154 -0.5268620000000001
207 154 -0.6168
154 155 -0.605783
155 155 3.46802
156 155 -0.5894430000000001
159 155 -0.605783
161 155 -0.5268620000000001
203 155 -0.6168
207 155 -0.523353
118 156 -0.617613
120 156 -0.5894430000000001
154 156 -0.5268620000000001
155 156 -0.5894430000000001
156 156 3.46784
161 156 -0.617613
163 156 -0.5268620000000001
157 157 3.46734
158 157 -0.596635
159 157 -0.605783
175 157 -0.535037
202 157 -0.52458
220 157 -0.594465
268 157 -0.610837
157 158 -0.596635
158 158 3.46694
159 158 -0.5268620000000001
160 158 -0.596635
161 158 -0.617613
175 158 -0.589315
177 158 -0.539882
155 159 -0.605783
157 159 -0.605783
158 159 -0.5268620000000001
159 159 3.46802
161 159 -0.5894430000000001
202 159 -0.6168
203 159 -0.523353
158 160 -0.596635
160 160 3.46694
161 160 -0.5268620000000001
162 160 -0.596635
163 160 -0.617613
174 160 -0.539882
177 160 -0.589315
155 161 -0.5268620000000001
156 161 -0.617613
158 161 -0.617613
159 161 -0.5894430000000001
160 161 -0.5268620000000001
161 161 3.46784
163 161 -0.5894430000000001
88 162 -0.596635
122 162 -0.617613
134 162 -0.539882
160 162 -0.596635
162 162 3.46694
163 162 -0.5268620000000001
174 162 -0.589315
120 163 -0.617613
122 163 -0.5894430000000001
156 163 -0.5268620000000001
160 163 -0.617613
161 163 -0.5894430000000001
162 163 -0.5268620000000001
163 163 3.46784
75 164 -0.632331
142 164 -0.850275
152 164 -0.898817
164 164 3.60748
165 164 -0.307852
166 164 -0.632331
180 164 -0.285869
140 165 -0.850275
142 165 -0.637444
164 165 -0.307852
165 165 3.59114
166 165 -0.850275
169 165 -0.307852
173 165 -0.637444
164 166 -0.632331
165 166 -0.850275
166 166 3.60748
171 166 -0.632331
173 166 -0.307852
180 166 -0.898817
183 166 -0.285869
137 167 -0.8347869999999999
138 167 -0.637444
167 167 3.59042
168 167 -0.8347869999999999
169 167 -0.307852
235 167 -0.68064
237 167 -0.294915
167 168 -0.8347869999999999
168 168 3.59042
169 168 -0.637444
172 168 -0.8347869999999999
173 168 -0.307852
233 168 -0.294915
237 168 -0.68064
138 169 -0.850275
140 169 -0.637444
165 169 -0.307852
167 169 -0.307852
168 169 -0.637444
169 169 3.59114
173 169 -0.850275
170 170 3.65501
171 170 -0.632331
172 170 -0.834786
181 170 -0.791694
232 170 -0.665149
242 170 -0.731048
166 171 -0.632331
170 171 -0.632331
171 171 3.60748
172 171 -0.307852
173 171 -0.850275
181 171 -0.285869
183 171 -0.898817
168 172 -0.8347869999999999
170 172 -0.834786
171 172 -0.307852
172 172 3.59042
173 172 -0.637444
232 172 -0.294915
233 172 -0.68064
165 173 -0.637444
166 173 -0.307852
168 173 -0.307852
169 173 -0.850275
171 173 -0.850275
172 173 -0.637444
173 173 3.59114
134 174 -0.603827
135 174 -0.539882
160 174 -0.539882
162 174 -0.589315
174 174 3.46605
177 174 -0.603827
179 174 -0.589315
157 175 -0.535037
158 175 -0.589315
175 175 3.46655
176 175 -0.535037
177 175 -0.603827
220 175 -0.603245
221 175 -0.600089
175 176 -0.535037
176 176 3.46655
177 176 -0.589315
178 176 -0.535037
179 176 -0.603827
219 176 -0.600089
221 176 -0.603245
158 177 -0.539882
160 177 -0.589315
174 177 -0.603827
175 177 -0.603827
176 177 -0.589315
177 177 3.46605
179 177 -0.539882
137 178 -0.535037
139 178 -0.603827
176 178 -0.535037
178 178 3.46655
179 178 -0.589315
218 178 -0.600089
219 178 -0.603245
135 179 -0.603827
139 179 -0.539882
174 179 -0.589315
176 179 -0.603827
177 179 -0.539882
178 179 -0.589315
179 179 3.46605
149 180 -0.898817
152 180 -0.6272180000000001
164 180 -0.285869
166 180 -0.898817
180 180 3.62381
183 180 -0.6272180000000001
185 180 -0.285869
170 181 -0.791694
171 181 -0.285869
181 181 3.562
182 181 -0.791694
183 181 -0.6272180000000001
242 181 -0.417592
244 181 -0.647935
181 182 -0.791694
182 182 3.562
183 182 -0.285869
184 182 -0.791693
185 182 -0.6272180000000001
244 182 -0.417592
251 182 -0.647935
166 183 -0.285869
171 183 -0.898817
180 183 -0.6272180000000001
181 183 -0.6272180000000001
182 183 -0.285869
183 183 3.62381
185 183 -0.898817
144 184 -0.791694
146 184 -0.6272180000000001
182 184 -0.791693
184 184 3.562
185 184 -0.285869
250 184 -0.647935
251 184 -0.417592
146 185 -0.898817
149 185 -0.6272180000000001
180 185 -0.285869
182 185 -0.6272180000000001
183 185 -0.898817
184 185 -0.285869
185 185 3.62381
186 186 3.46603
187 186 -0.615889
188 186 -0.542187
196 186 -0.58091
230 186 -0.567492
258 186 -0.605146
299 186 -0.554405
186 187 -0.615889
187 187 3.46631
188 187 -0.554814
189 187 -0.615889
190 187 -0.547768
230 187 -0.569255
231 187 -0.562698
186 188 -0.542187
187 188 -0.554814
188 188 3.4672
190 188 -0.631328
191 188 -0.542187
196 188 -0.610857
197 188 -0.585824
187 189 -0.615889
189 189 3.46631
190 189 -0.554814
192 189 -0.615889
193 189 -0.547768
229 189 -0.562698
231 189 -0.569255
187 190 -0.547768
188 190 -0.631328
189 190 -0.554814
190 190 3.46782
191 190 -0.554814
193 190 -0.631328
195 190 -0.547768
188 191 -0.542187
190 191 -0.554814
191 191 3.4672
194 191 -0.542187
195 191 -0.631328
197 191 -0.610857
199 191 -0.585824
132 192 -0.547768
189 192 -0.615889
192 192 3.46631
193 192 -0.554814
229 192 -0.569255
128 193 -0.547768
132 193 -0.631328
189 193 -0.547768
190 193 -0.631328
192 193 -0.554814
193 193 3.46782
195 193 -0.554814
104 194 -0.542187
127 194 -0.631328
150 194 -0.585824
191 194 -0.542187
194 194 3.4672
195 194 -0.554814
199 194 -0.610857
127 195 -0.547768
128 195 -0.631328
190 195 -0.547768
191 195 -0.631328
193 195 -0.554814
194 195 -0.554814
195 195 3.46782
186 196 -0.58091
188 196 -0.610857
196 196 3.46606
197 196 -0.536605
198 196 -0.58091
258 196 -0.549554
259 196 -0.607222
188 197 -0.585824
191 197 -0.610857
196 197 -0.536605
197 197 3.46657
198 197 -0.610857
199 197 -0.536605
201 197 -0.585824
196 198 -0.58091
197 198 -0.610857
198 198 3.46606
200 198 -0.58091
201 198 -0.536605
259 198 -0.549554
263 198 -0.607222
147 199 -0.585824
150 199 -0.536605
191 199 -0.585824
194 199 -0.610857
197 199 -0.536605
199 199 3.46657
201 199 -0.610857
144 200 -0.58091
145 200 -0.536605
198 200 -0.58091
200 200 3.46606
201 200 -0.610857
261 200 -0.607222
263 200 -0.549554
145 201 -0.585824
147 201 -0.536605
197 201 -0.585824
198 201 -0.536605
199 201 -0.610857
200 201 -0.610857
201 201 3.46657
157 202 -0.52458
159 202 -0.6168
202 202 3.46792
203 202 -0.593952
204 202 -0.52458
268 202 -0.604853
269 202 -0.603156
155 203 -0.6168
159 203 -0.523353
202 203 -0.593952
203 203 3.46821
204 203 -0.6168
207 203 -0.593952
211 203 -0.523353
202 204 -0.52458
203 204 -0.6168
204 204 3.46792
209 204 -0.52458
211 204 -0.593952
269 204 -0.604853
273 204 -0.603156
205 205 1.7341
206 206 1.7341
154 207 -0.6168
155 207 -0.523353
203 207 -0.593952
207 207 3.46821
211 207 -0.6168
208 208 1.73397
204 209 -0.52458
209 209 3.46792
211 209 -0.6168
271 209 -0.603156
273 209 -0.604853
210 210 1.7341
203 211 -0.523353
204 211 -0.593952
207 211 -0.6168
209 211 -0.6168
211 211 3.46821
212 212 3.48609
213 212 -0.663104
214 212 -0.594465
256 212 -0.443862
278 212 -0.513929
315 212 -0.685005
332 212 -0.585726
212 213 -0.663104
213 213 3.47932
214 213 -0.530193
215 213 -0.663104
216 213 -0.600089
256 213 -0.543286
257 213 -0.479545
212 214 -0.594465
213 214 -0.530193
214 214 3.46748
216 214 -0.603245
217 214 -0.594465
278 214 -0.618518
279 214 -0.526596
213 215 -0.663104
215 215 3.47932
216 215 -0.530193
218 215 -0.663104
219 215 -0.600089
255 215 -0.479545
257 215 -0.543286
213 216 -0.600089
214 216 -0.603245
215 216 -0.530193
216 216 3.46705
217 216 -0.530193
219 216 -0.603245
221 216 -0.600089
214 217 -0.594465
216 217 -0.530193
217 217 3.46748
220 217 -0.594465
221 217 -0.603245
279 217 -0.618518
281 217 -0.526596
137 218 -0.663104
178 218 -0.600089
215 218 -0.663104
218 218 3.47932
219 218 -0.530193
235 218 -0.479545
255 218 -0.543286
176 219 -0.600089
178 219 -0.603245
215 219 -0.600089
216 219 -0.603245
218 219 -0.530193
219 219 3.46705
221 219 -0.530193
157 220 -0.594465
175 220 -0.603245
217 220 -0.594465
220 220 3.46748
221 220 -0.530193
268 220 -0.526596
281 220 -0.618518
175 221 -0.600089
176 221 -0.603245
216 221 -0.600089
217 221 -0.603245
219 221 -0.530193
220 221 -0.530193
221 221 3.46705
222 222 1.73235
223 223 1.7324
224 224 3.46499
226 224 -0.569255
227 224 -0.567492
296 224 -0.555721
297 224 -0.604577
225 225 1.7324
224 226 -0.569255
226 226 3.46481
227 226 -0.60045
229 226 -0.569255
231 226 -0.562698
224 227 -0.567492
226 227 -0.60045
227 227 3.46499
230 227 -0.567492
231 227 -0.569255
297 227 -0.555721
301 227 -0.604577
228 228 1.7324
189 229 -0.562698
192 229 -0.569255
226 229 -0.569255
229 229 3.46481
231 229 -0.60045
186 230 -0.567492
187 230 -0.569255
227 230 -0.567492
230 230 3.46499
231 230 -0.600451
299 230 -0.604577
301 230 -0.555721
187 231 -0.562698
189 231 -0.569255
226 231 -0.562698
227 231 -0.569255
229 231 -0.60045
230 231 -0.600451
231 231 3.46481
170 232 -0.665149
172 232 -0.294915
232 232 3.58048
233 232 -0.819298
234 232 -0.665149
242 232 -0.321811
290 232 -0.814161
168 233 -0.294915
172 233 -0.68064
232 233 -0.819298
233 233 3.5897
234 233 -0.294915
237 233 -0.819298
241 233 -0.68064
232 234 -0.665149
233 234 -0.294915
234 234 3.58048
239 234 -0.665149
241 234 -0.819298
290 234 -0.321811
293 234 -0.814161
137 235 -0.4191
167 235 -0.68064
218 235 -0.479545
235 235 3.54065
236 235 -0.4191
237 235 -0.819298
255 235 -0.7229640000000001
235 236 -0.4191
236 236 3.54065
237 236 -0.68064
240 236 -0.4191
241 236 -0.819298
253 236 -0.7229640000000001
255 236 -0.479545
167 237 -0.294915
168 237 -0.68064
233 237 -0.819298
235 237 -0.819298
236 237 -0.68064
237 237 3.5897
241 237 -0.294915
238 238 3.43922
239 238 -0.665149
240 238 -0.4191
252 238 -0.443862
291 238 -0.42359
312 238 -0.44702
350 238 -0.33994
386 238 -0.700556
234 239 -0.665149
238 239 -0.665149
239 239 3.58048
240 239 -0.819298
241 239 -0.294915
291 239 -0.814161
293 239 -0.321811
236 240 -0.4191
238 240 -0.4191
239 240 -0.819298
240 240 3.54065
241 240 -0.68064
252 240 -0.7229640000000001
253 240 -0.479545
233 241 -0.68064
234 241 -0.819298
236 241 -0.819298
237 241 -0.294915
239 241 -0.294915
240 241 -0.68064
241 241 3.5897
170 242 -0.731048
181 242 -0.417592
232 242 -0.321811
242 242 3.53573
243 242 -0.731048
244 242 -0.68457
290 242 -0.649658
242 243 -0.731048
243 243 3.53573
244 243 -0.417592
247 243 -0.731048
249 243 -0.68457
290 243 -0.321811
295 243 -0.649658
181 244 -0.647935
182 244 -0.417592
242 244 -0.68457
243 244 -0.417592
244 244 3.50019
249 244 -0.647935
251 244 -0.68457
245 245 3.50789
246 245 -0.525589
247 245 -0.731048
284 245 -0.59259
294 245 -0.42359
348 245 -0.71138
376 245 -0.523688
245 246 -0.525589
246 246 3.48455
247 246 -0.68457
248 246 -0.525589
249 246 -0.647936
284 246 -0.528791
286 246 -0.5720730000000001
243 247 -0.731048
245 247 -0.731048
246 247 -0.68457
247 247 3.53573
249 247 -0.417592
294 247 -0.649658
295 247 -0.321811
246 248 -0.525589
248 248 3.48455
249 248 -0.68457
250 248 -0.525589
251 248 -0.647935
286 248 -0.528791
289 248 -0.5720730000000001
243 249 -0.68457
244 249 -0.647935
246 249 -0.647936
247 249 -0.417592
248 249 -0.68457
249 249 3.50019
251 249 -0.417592
144 250 -0.525589
184 250 -0.647935
248 250 -0.525589
250 250 3.48455
251 250 -0.68457
261 250 -0.5720730000000001
289 250 -0.528791
182 251 -0.647935
184 251 -0.417592
244 251 -0.68457
248 251 -0.647935
249 251 -0.417592
250 251 -0.68457
251 251 3.50019
238 252 -0.443862
240 252 -0.7229640000000001
252 252 3.5034
253 252 -0.543286
254 252 -0.443862
312 252 -0.752433
313 252 -0.59699
236 253 -0.7229640000000001
240 253 -0.479545
252 253 -0.543286
253 253 3.49159
254 253 -0.7229640000000001
255 253 -0.543286
257 253 -0.479545
252 254 -0.443862
253 254 -0.7229640000000001
254 254 3.5034
256 254 -0.443862
257 254 -0.543286
313 254 -0.752433
317 254 -0.59699
215 255 -0.479545
218 255 -0.543286
235 255 -0.7229640000000001
236 255 -0.479545
253 255 -0.543286
255 255 3.49159
257 255 -0.7229640000000001
212 256 -0.443862
213 256 -0.543286
254 256 -0.443862
256 256 3.5034
257 256 -0.7229640000000001
315 256 -0.59699
317 256 -0.752433
213 257 -0.479545
215 257 -0.543286
253 257 -0.479545
254 257 -0.543286
255 257 -0.7229640000000001
256 257 -0.7229640000000001
257 257 3.49159
186 258 -0.605146
196 258 -0.549554
258 258 3.46536
259 258 -0.575996
260 258 -0.605146
299 258 -0.576434
309 258 -0.5530890000000001
196 259 -0.607222
198 259 -0.549554
258 259 -0.575996
259 259 3.46554
260 259 -0.549554
263 259 -0.575996
267 259 -0.607222
258 260 -0.605146
259 260 -0.549554
260 260 3.46536
265 260 -0.605146
267 260 -0.575996
309 260 -0.576434
311 260 -0.5530890000000001
144 261 -0.539173
200 261 -0.607222
250 261 -0.5720730000000001
261 261 3.46722
262 261 -0.539173
263 261 -0.575996
289 261 -0.633587
261 262 -0.539173
262 262 3.46722
263 262 -0.607222
266 262 -0.539173
267 262 -0.575996
288 262 -0.633587
289 262 -0.5720730000000001
198 263 -0.607222
200 263 -0.549554
259 263 -0.575996
261 263 -0.575996
262 263 -0.607222
263 263 3.46554
267 263 -0.549554
264 264 3.46577
265 264 -0.605146
266 264 -0.539173
287 264 -0.59259
310 264 -0.5792119999999999
374 264 -0.594055
396 264 -0.555594
260 265 -0.605146
264 265 -0.605146
265 265 3.46536
266 265 -0.575996
267 265 -0.549554
310 265 -0.5530890000000001
311 265 -0.576434
262 266 -0.539173
264 266 -0.539173
265 266 -0.575996
266 266 3.46722
267 266 -0.607222
287 266 -0.633587
288 266 -0.5720730000000001
259 267 -0.607222
260 267 -0.575996
262 267 -0.575996
263 267 -0.549554
265 267 -0.549554
266 267 -0.607222
267 267 3.46554
157 268 -0.610837
202 268 -0.604853
220 268 -0.526596
268 268 3.46777
269 268 -0.525807
270 268 -0.610837
281 268 -0.5888409999999999
202 269 -0.603156
204 269 -0.604853
268 269 -0.525807
269 269 3.46763
270 269 -0.604853
273 269 -0.525807
277 269 -0.603156
268 270 -0.610837
269 270 -0.604853
270 270 3.46777
275 270 -0.610837
277 270 -0.525807
281 270 -0.526596
283 270 -0.5888409999999999
209 271 -0.603156
271 271 3.46704
272 271 -0.598123
273 271 -0.525807
327 271 -0.605743
271 272 -0.598123
272 272 3.46704
273 272 -0.603156
276 272 -0.598123
277 272 -0.525807
323 272 -0.605743
327 272 -0.536087
204 273 -0.603156
209 273 -0.604853
269 273 -0.525807
271 273 -0.525807
272 273 -0.603156
273 273 3.46763
277 273 -0.604853
274 274 3.46842
275 274 -0.610837
276 274 -0.598123
282 274 -0.513929
322 274 -0.531813
335 274 -0.61661
418 274 -0.597113
270 275 -0.610837
274 275 -0.610837
275 275 3.46777
276 275 -0.525807
277 275 -0.604853
282 275 -0.5888409999999999
283 275 -0.526596
272 276 -0.598123
274 276 -0.598123
275 276 -0.525807
276 276 3.46704
277 276 -0.603156
322 276 -0.605743
323 276 -0.536087
269 277 -0.603156
270 277 -0.525807
272 277 -0.525807
273 277 -0.604853
275 277 -0.604853
276 277 -0.603156
277 277 3.46763
212 278 -0.513929
214 278 -0.618518
278 278 3.46998
279 278 -0.5888409999999999
280 278 -0.513929
332 278 -0.627355
333 278 -0.607407
214 279 -0.526596
217 279 -0.618518
278 279 -0.5888409999999999
279 279 3.46791
280 279 -0.618518
281 279 -0.5888409999999999
283 279 -0.526596
278 280 -0.513929
279 280 -0.618518
280 280 3.46998
282 280 -0.513929
283 280 -0.5888409999999999
333 280 -0.627355
337 280 -0.607407
217 281 -0.526596
220 281 -0.618518
268 281 -0.5888409999999999
270 281 -0.526596
279 281 -0.5888409999999999
281 281 3.46791
283 281 -0.618518
274 282 -0.513929
275 282 -0.5888409999999999
280 282 -0.513929
282 282 3.46998
283 282 -0.618518
335 282 -0.607407
337 282 -0.627355
270 283 -0.5888409999999999
275 283 -0.526596
279 283 -0.526596
280 283 -0.5888409999999999
281 283 -0.618518
282 283 -0.618518
283 283 3.46791
245 284 -0.59259
246 284 -0.528791
284 284 3.46832
285 284 -0.59259
286 284 -0.633587
376 284 -0.59457
377 284 -0.526188
284 285 -0.59259
285 285 3.46832
286 285 -0.528791
287 285 -0.59259
288 285 -0.633587
375 285 -0.526188
377 285 -0.59457
246 286 -0.5720730000000001
248 286 -0.528791
284 286 -0.633587
285 286 -0.528791
286 286 3.4689
288 286 -0.5720730000000001
289 286 -0.633587
264 287 -0.59259
266 287 -0.633587
285 287 -0.59259
287 287 3.46832
288 287 -0.528791
374 287 -0.526188
375 287 -0.59457
262 288 -0.633587
266 288 -0.5720730000000001
285 288 -0.633587
286 288 -0.5720730000000001
287 288 -0.528791
288 288 3.4689
289 288 -0.528791
248 289 -0.5720730000000001
250 289 -0.528791
261 289 -0.633587
262 289 -0.5720730000000001
286 289 -0.633587
288 289 -0.528791
289 289 3.4689
232 290 -0.814161
234 290 -0.321811
242 290 -0.649658
243 290 -0.321811
290 290 3.57126
293 290 -0.649658
295 290 -0.814161
238 291 -0.42359
239 291 -0.814161
291 291 3.53869
292 291 -0.42359
293 291 -0.649658
350 291 -0.761483
351 291 -0.466208
291 292 -0.42359
292 292 3.53869
293 292 -0.814161
294 292 -0.42359
295 292 -0.649658
349 292 -0.466208
351 292 -0.761483
234 293 -0.814161
239 293 -0.321811
290 293 -0.649658
291 293 -0.649658
292 293 -0.814161
293 293 3.57126
295 293 -0.321811
245 294 -0.42359
247 294 -0.649658
292 294 -0.42359
294 294 3.53869
295 294 -0.814161
348 294 -0.466208
349 294 -0.761483
243 295 -0.649658
247 295 -0.321811
290 295 -0.814161
292 295 -0.649658
293 295 -0.321811
294 295 -0.814161
295 295 3.57126
224 296 -0.555721
296 296 3.46478
297 296 -0.572287
298 296 -0.597782
365 296 -0.564899
224 297 -0.604577
227 297 -0.555721
296 297 -0.572287
297 297 3.46517
298 297 -0.555721
301 297 -0.572287
305 297 -0.604577
296 298 -0.597782
297 298 -0.555721
298 298 3.46478
303 298 -0.597782
305 298 -0.572287
365 298 -0.576313
367 298 -0.564899
186 299 -0.554405
230 299 -0.604577
258 299 -0.576434
299 299 3.46518
300 299 -0.554405
301 299 -0.572287
309 299 -0.60307
299 300 -0.554405
300 300 3.46518
301 300 -0.604577
304 300 -0.554405
305 300 -0.572287
307 300 -0.60307
309 300 -0.576434
227 301 -0.604577
230 301 -0.555721
297 301 -0.572287
299 301 -0.572287
300 301 -0.604577
301 301 3.46517
305 301 -0.555721
302 302 3.46492
303 302 -0.597782
304 302 -0.554405
306 302 -0.5792119999999999
366 302 -0.578106
394 302 -0.598198
450 302 -0.557218
298 303 -0.597782
302 303 -0.597782
303 303 3.46478
304 303 -0.572287
305 303 -0.555721
366 303 -0.564899
367 303 -0.576313
300 304 -0.554405
302 304 -0.554405
303 304 -0.572287
304 304 3.46518
305 304 -0.604577
306 304 -0.60307
307 304 -0.576434
297 305 -0.604577
298 305 -0.572287
300 305 -0.572287
301 305 -0.555721
303 305 -0.555721
304 305 -0.604577
305 305 3.46517
302 306 -0.5792119999999999
304 306 -0.60307
306 306 3.46541
307 306 -0.5530890000000001
308 306 -0.5792119999999999
394 306 -0.545822
395 306 -0.605009
300 307 -0.60307
304 307 -0.576434
306 307 -0.5530890000000001
307 307 3.46518
308 307 -0.603069
309 307 -0.5530890000000001
311 307 -0.576434
306 308 -0.5792119999999999
307 308 -0.603069
308 308 3.46541
310 308 -0.5792119999999999
311 308 -0.5530890000000001
395 308 -0.545822
397 308 -0.605009
258 309 -0.5530890000000001
260 309 -0.576434
299 309 -0.60307
300 309 -0.576434
307 309 -0.5530890000000001
309 309 3.46518
311 309 -0.603069
264 310 -0.5792119999999999
265 310 -0.5530890000000001
308 310 -0.5792119999999999
310 310 3.46541
311 310 -0.60307
396 310 -0.605009
397 310 -0.545822
260 311 -0.5530890000000001
265 311 -0.576434
307 311 -0.576434
308 311 -0.5530890000000001
309 311 -0.603069
310 311 -0.60307
311 311 3.46518
238 312 -0.44702
252 312 -0.752433
312 312 3.55337
313 312 -0.408178
314 312 -0.44702
386 312 -0.831436
387 312 -0.667285
252 313 -0.59699
254 313 -0.752433
312 313 -0.408178
313 313 3.5152
314 313 -0.752433
317 313 -0.408178
321 313 -0.59699
312 314 -0.44702
313 314 -0.752433
314 314 3.55337
319 314 -0.44702
321 314 -0.408178
380 314 -0.667285
387 314 -0.831435
212 315 -0.685005
256 315 -0.59699
315 315 3.49072
316 315 -0.685005
317 315 -0.408178
332 315 -0.551496
355 315 -0.564045
315 316 -0.685005
316 316 3.49072
317 316 -0.59699
320 316 -0.685005
321 316 -0.408178
353 316 -0.564045
355 316 -0.551496
254 317 -0.59699
256 317 -0.752433
313 317 -0.408178
315 317 -0.408178
316 317 -0.59699
317 317 3.5152
321 317 -0.752433
318 318 3.5113
319 318 -0.44702
320 318 -0.685005
352 318 -0.529093
378 318 -0.7243039999999999
432 318 -0.598759
466 318 -0.52712
314 319 -0.44702
318 319 -0.44702
319 319 3.55337
320 319 -0.408178
321 319 -0.752433
378 319 -0.667285
380 319 -0.831435
316 320 -0.685005
318 320 -0.685005
319 320 -0.408178
320 320 3.49072
321 320 -0.59699
352 320 -0.564045
353 320 -0.551496
313 321 -0.59699
314 321 -0.408178
316 321 -0.408178
317 321 -0.752433
319 321 -0.752433
320 321 -0.59699
321 321 3.5152
274 322 -0.531813
276 322 -0.605743
322 322 3.46692
323 322 -0.591392
324 322 -0.531813
418 322 -0.60497
419 322 -0.6011919999999999
272 323 -0.605743
276 323 -0.536087
322 323 -0.591392
323 323 3.46644
324 323 -0.605743
327 323 -0.591392
331 323 -0.536087
322 324 -0.531813
323 324 -0.605743
324 324 3.46692
329 324 -0.531813
331 324 -0.591392
412 324 -0.6011919999999999
419 324 -0.60497
325 325 1.73322
326 326 1.73322
271 327 -0.605743
272 327 -0.536087
323 327 -0.591392
327 327 3.46644
331 327 -0.605743
328 328 1.73346
324 329 -0.531813
329 329 3.46692
331 329 -0.605743
410 329 -0.6011919999999999
412 329 -0.60497
330 330 1.73322
323 331 -0.536087
324 331 -0.591392
327 331 -0.605743
329 331 -0.605743
331 331 3.46644
212 332 -0.585726
278 332 -0.627355
315 332 -0.551496
332 332 3.46914
333 332 -0.501262
334 332 -0.585726
355 332 -0.617576
278 333 -0.607407
280 333 -0.627355
332 333 -0.501262
333 333 3.47205
334 333 -0.627355
337 333 -0.501262
341 333 -0.6074079999999999
332 334 -0.585726
333 334 -0.627355
334 334 3.46914
339 334 -0.585726
341 334 -0.501262
355 334 -0.551496
357 334 -0.617576
274 335 -0.61661
282 335 -0.607407
335 335 3.46933
336 335 -0.61661
337 335 -0.501262
418 335 -0.534409
423 335 -0.593034
335 336 -0.61661
336 336 3.46933
337 336 -0.6074079999999999
340 336 -0.61661
341 336 -0.501262
421 336 -0.593034
423 336 -0.534409
280 337 -0.607407
282 337 -0.627355
333 337 -0.501262
335 337 -0.501262
336 337 -0.6074079999999999
337 337 3.47205
341 337 -0.627355
338 338 3.46828
339 338 -0.585726
340 338 -0.61661
356 338 -0.529093
420 338 -0.526383
435 338 -0.613162
504 338 -0.597307
334 339 -0.585726
338 339 -0.585726
339 339 3.46914
340 339 -0.501262
341 339 -0.627355
356 339 -0.617576
357 339 -0.551496
336 340 -0.61661
338 340 -0.61661
339 340 -0.501262
340 340 3.46933
341 340 -0.607407
420 340 -0.593034
421 340 -0.534409
333 341 -0.6074079999999999
334 341 -0.501262
336 341 -0.501262
337 341 -0.627355
339 341 -0.627355
340 341 -0.607407
341 341 3.47205
342 342 3.56444
343 342 -0.71138
344 342 -0.33994
398 342 -0.781359
404 342 -0.651195
482 342 -0.443855
494 342 -0.636709
342 343 -0.71138
343 343 3.48975
344 343 -0.525369
345 343 -0.71138
346 343 -0.466208
404 343 -0.521188
406 343 -0.554225
342 344 -0.33994
343 344 -0.525369
344 344 3.59048
346 344 -0.761483
347 344 -0.33994
398 344 -0.733827
399 344 -0.889922
343 345 -0.71138
345 345 3.48975
346 345 -0.525369
348 345 -0.71138
349 345 -0.466208
406 345 -0.521188
409 345 -0.554225
343 346 -0.466208
344 346 -0.761483
345 346 -0.525369
346 346 3.50612
347 346 -0.525369
349 346 -0.761483
351 346 -0.466208
344 347 -0.33994
346 347 -0.525369
347 347 3.59048
350 347 -0.33994
351 347 -0.761483
399 347 -0.733827
401 347 -0.889922
245 348 -0.71138
294 348 -0.466208
345 348 -0.71138
348 348 3.48975
349 348 -0.525369
376 348 -0.554225
409 348 -0.521187
292 349 -0.466208
294 349 -0.761483
345 349 -0.466208
346 349 -0.761483
348 349 -0.525369
349 349 3.50612
351 349 -0.525369
238 350 -0.33994
291 350 -0.761483
347 350 -0.33994
350 350 3.59048
351 350 -0.525369
386 350 -0.889922
401 350 -0.733827
291 351 -0.466208
292 351 -0.761483
346 351 -0.466208
347 351 -0.761483
349 351 -0.525369
350 351 -0.525369
351 351 3.50612
318 352 -0.529093
320 352 -0.564045
352 352 3.46871
353 352 -0.617576
354 352 -0.529093
432 352 -0.599583
433 352 -0.629318
316 353 -0.564045
320 353 -0.551496
352 353 -0.617576
353 353 3.46623
354 353 -0.564045
355 353 -0.617576
357 353 -0.551496
352 354 -0.529093
353 354 -0.564045
354 354 3.46871
356 354 -0.529093
357 354 -0.617576
433 354 -0.599583
437 354 -0.629318
315 355 -0.564045
316 355 -0.551496
332 355 -0.617576
334 355 -0.551496
353 355 -0.617576
355 355 3.46623
357 355 -0.564045
338 356 -0.529093
339 356 -0.617576
354 356 -0.529093
356 356 3.46871
357 356 -0.564045
435 356 -0.629318
437 356 -0.599583
334 357 -0.617576
339 357 -0.551496
353 357 -0.551496
354 357 -0.617576
355 357 -0.564045
356 357 -0.564045
357 357 3.46623
358 358 1.73223
359 359 1.7322
360 360 3.46456
362 360 -0.564899
363 360 -0.578106
448 360 -0.557542
449 360 -0.5949179999999999
361 361 1.7322
360 362 -0.564899
362 362 3.4644
363 362 -0.590987
365 362 -0.564899
367 362 -0.576313
360 363 -0.578106
362 363 -0.590987
363 363 3.46456
366 363 -0.578106
367 363 -0.564899
449 363 -0.557542
451 363 -0.5949179999999999
364 364 1.7322
296 365 -0.564899
298 365 -0.576313
362 365 -0.564899
365 365 3.4644
367 365 -0.590987
302 366 -0.578106
303 366 -0.564899
363 366 -0.578106
366 366 3.46456
367 366 -0.590986
450 366 -0.5949179999999999
451 366 -0.557542
298 367 -0.564899
303 367 -0.576313
